-5.29755e-012
2.30328e-012
6.90985e-012
1.6123e-012
-3.68525e-012
4.60656e-013
2.76394e-012
-1.84263e-012
-5.06722e-012
5.98853e-012
0
2.30328e-012
-5.06722e-012
5.29755e-012
1.84263e-012
0
9.21313e-013
6.44919e-012
-9.21313e-013
-2.76394e-012
-6.44919e-012
1.38197e-012
-9.21313e-013
3.22459e-012
-2.76394e-012
3.22459e-012
-6.90984e-012
2.76394e-012
-3.68525e-012
-5.06722e-012
2.76394e-012
3.68525e-012
0
2.07295e-012
4.60656e-013
2.30328e-012
-3.2246e-012
-9.21312e-013
-1.6123e-012
-5.98853e-012
-3.91558e-012
-1.84263e-012
-6.90985e-013
2.30328e-012
1.01332e-011
-4.14591e-012
-4.83689e-012
-4.60656e-013
2.30328e-013
-3.68525e-012
-3.68525e-012
1.38197e-012
-2.99427e-012
-3.68525e-012
-1.56603e-011
2.30328e-012
4.37623e-012
-2.99427e-012
-4.14591e-012
-2.53361e-012
2.30328e-012
1.84263e-012
3.68525e-012
4.37624e-012
6.90985e-013
-7.14017e-012
-2.07269e-012
-2.30328e-013
-5.98853e-012
-1.38197e-012
4.60656e-013
4.14591e-012
2.76394e-012
1.84263e-012
5.29755e-012
1.38197e-012
2.30328e-013
2.30328e-012
-9.21313e-013
-1.38197e-012
-2.30328e-013
1.38197e-012
5.52788e-012
-9.21313e-013
2.25636e-011
0
-4.60656e-013
-4.60656e-012
-4.60656e-013
6.44919e-012
7.83115e-012
-3.45492e-012
-4.60482e-012
-2.76359e-012
-5.06722e-012
2.30328e-012
4.60657e-013
-9.21313e-013
-5.06722e-012
1.84263e-012
1.38197e-012
-4.60656e-013
6.90985e-013
-5.06722e-012
-1.38197e-012
1.38197e-012
4.60656e-012
4.60656e-013
1.84262e-012
-2.76394e-012
-5.06722e-012
3.45492e-012
-2.76394e-012
1.15164e-012
3.22459e-012
-6.4492e-012
