1.85873e-005
1.85873e-005
1.85873e-005
1.85873e-005
1.85873e-005
1.85873e-005
1.85873e-005
1.85873e-005
1.85873e-005
1.85873e-005
1.85873e-005
1.85873e-005
1.85873e-005
1.85873e-005
1.85873e-005
1.85873e-005
1.85873e-005
1.85873e-005
1.85873e-005
1.85873e-005
1.85873e-005
1.85873e-005
1.85873e-005
1.85873e-005
1.85873e-005
1.85873e-005
1.85873e-005
1.85873e-005
1.85873e-005
1.85873e-005
1.85872e-005
1.85873e-005
1.85873e-005
1.85873e-005
1.85873e-005
1.85873e-005
1.85873e-005
1.85873e-005
1.85873e-005
1.85873e-005
1.85873e-005
1.85873e-005
1.85873e-005
1.85873e-005
4.65033e-006
1.85873e-005
1.85873e-005
1.85873e-005
1.85873e-005
1.85873e-005
1.85873e-005
1.85873e-005
1.85873e-005
1.85873e-005
1.85873e-005
1.85873e-005
1.85873e-005
1.85873e-005
1.85873e-005
1.85873e-005
1.85873e-005
1.85873e-005
1.85873e-005
1.85873e-005
1.85873e-005
1.85873e-005
1.85873e-005
1.85873e-005
1.85873e-005
1.85873e-005
1.85873e-005
1.85873e-005
1.85873e-005
1.85873e-005
1.85873e-005
1.85873e-005
1.85873e-005
1.85873e-005
1.85873e-005
1.85873e-005
1.85873e-005
1.85873e-005
1.85873e-005
1.85873e-005
4.65033e-006
1.85873e-005
1.85873e-005
1.85873e-005
1.85873e-005
1.85873e-005
1.85873e-005
1.85873e-005
4.65033e-006
4.65033e-006
1.85873e-005
1.85873e-005
1.85873e-005
1.85873e-005
1.85873e-005
1.85873e-005
1.85872e-005
1.85873e-005
1.85873e-005
1.85873e-005
1.85873e-005
1.85873e-005
1.85873e-005
1.85873e-005
1.85873e-005
1.85873e-005
1.85873e-005
1.85873e-005
1.85873e-005
1.85873e-005
1.85873e-005
1.85873e-005
