-1.41963e-007
6.20622e-008
1.86814e-007
4.34217e-008
-9.88707e-008
1.23958e-008
7.44995e-008
-4.95008e-008
-1.35813e-007
1.61796e-007
0
6.20621e-008
-1.35813e-007
1.43055e-007
4.96332e-008
0
2.47999e-008
1.74301e-007
-2.47669e-008
-7.4202e-008
-1.72681e-007
3.72123e-008
-2.47669e-008
8.69451e-008
-7.42022e-008
8.69452e-008
-1.84955e-007
7.44994e-008
-9.88706e-008
-1.35813e-007
7.44997e-008
9.93993e-008
0
5.58465e-008
1.23958e-008
6.2062e-008
-8.65405e-008
-2.47669e-008
-4.33205e-008
-1.604e-007
-1.05033e-007
-4.95009e-008
-1.85783e-008
6.20619e-008
1.26028e-006
-1.11192e-007
-1.2966e-007
-1.23876e-008
6.19688e-009
-9.88707e-008
-9.88705e-008
3.72122e-008
-8.03722e-008
-9.88707e-008
-4.16596e-007
6.20622e-008
1.18096e-007
-8.03721e-008
-1.11193e-007
-6.80296e-008
6.20621e-008
4.9633e-008
9.93996e-008
1.18096e-007
1.85969e-008
-1.91089e-007
-5.56722e-008
-6.19482e-009
-1.60399e-007
-3.7138e-008
1.23958e-008
1.11862e-007
7.44996e-008
4.96331e-008
1.43055e-007
3.72123e-008
6.19688e-009
6.20621e-008
-2.47669e-008
-3.71379e-008
-6.1948e-009
3.72122e-008
1.493e-007
-2.47669e-008
4.65033e-006
0
-1.23876e-008
-1.23507e-007
-1.23876e-008
1.74301e-007
2.11866e-007
-9.27065e-008
-4.71231e-007
-2.88208e-007
-1.35812e-007
6.2062e-008
1.23958e-008
-2.47669e-008
-1.35812e-007
4.9633e-008
3.72125e-008
-1.23876e-008
1.85969e-008
-1.35812e-007
-3.7138e-008
3.72124e-008
1.24333e-007
1.23958e-008
4.9633e-008
-7.42022e-008
-1.35813e-007
9.31713e-008
-7.42022e-008
3.10051e-008
8.69452e-008
-1.72682e-007
