3.73165e-005
3.71125e-005
3.69878e-005
3.71312e-005
3.72734e-005
3.71621e-005
3.71001e-005
3.72242e-005
3.73104e-005
3.70128e-005
3.71745e-005
3.71125e-005
3.73103e-005
3.70316e-005
3.71249e-005
3.71747e-005
3.71498e-005
3.70003e-005
3.71994e-005
3.72488e-005
3.73473e-005
3.71374e-005
3.71994e-005
3.70877e-005
3.72488e-005
3.70877e-005
3.73596e-005
3.71002e-005
3.72735e-005
3.73104e-005
3.71e-005
3.70752e-005
3.71747e-005
3.71188e-005
3.71623e-005
3.71126e-005
3.72611e-005
3.71993e-005
3.72179e-005
3.7335e-005
3.72796e-005
3.72241e-005
3.71932e-005
3.71126e-005
8.04039e-006
3.72859e-005
3.73043e-005
3.7187e-005
3.71684e-005
3.72735e-005
3.72735e-005
3.71375e-005
3.7255e-005
3.72735e-005
3.75912e-005
3.71125e-005
3.70565e-005
3.7255e-005
3.72858e-005
3.72427e-005
3.71125e-005
3.7125e-005
3.70751e-005
3.70565e-005
3.7156e-005
3.73657e-005
3.72303e-005
3.71808e-005
3.73351e-005
3.72117e-005
3.71622e-005
3.70628e-005
3.71e-005
3.7125e-005
3.70315e-005
3.71374e-005
3.71684e-005
3.71125e-005
3.71994e-005
3.72118e-005
3.71808e-005
3.71375e-005
3.70252e-005
3.71994e-005
4.65033e-006
3.71746e-005
3.7187e-005
3.72981e-005
3.7187e-005
3.70003e-005
3.69628e-005
3.72673e-005
9.7719e-006
9.58888e-006
3.73104e-005
3.71126e-005
3.71622e-005
3.71994e-005
3.73104e-005
3.7125e-005
3.71373e-005
3.7187e-005
3.7156e-005
3.73104e-005
3.72117e-005
3.71373e-005
3.70503e-005
3.71622e-005
3.7125e-005
3.72487e-005
3.73104e-005
3.70814e-005
3.72487e-005
3.71436e-005
3.70877e-005
3.73473e-005
