-0.00880709
1.70632e-007
0.00880765
8.07332e-013
-0.0176158
-5.92899e-010
8.07396e-013
0.00880568
8.81276e-007
1.2882e-006
-0.0175964
0
-2.04271e-008
5.90917e-007
-1.36361e-005
-5.20645e-009
5.38245e-013
-2.69144e-013
2.69118e-013
1.94495e-005
1.07646e-012
2.69126e-013
0
-1.3457e-013
-0.00879089
1.34839e-005
1.24544e-005
1.24177e-006
-0.00880449
-0.0176158
-1.23338e-006
-1.85134e-009
-3.38233e-005
4.87715e-005
0
5.3827e-013
3.9296e-007
-0.00880752
-0.008807
-2.28354e-005
0.00880599
-1.27351e-005
-0.00880806
-0.00880949
-2.21232e-005
3.50631e-005
-1.50289e-006
0.00883165
0.00879456
0.0176354
-1.95855e-005
-0.0088047
1.34561e-013
-9.51843e-007
2.04678e-005
0.0176152
-3.66679e-005
-0.00880828
0.00880427
-7.03818e-005
0.00880495
-1.15693e-009
-0.0264201
9.34621e-006
-0.00880601
2.69106e-013
7.02106e-005
-2.69111e-013
6.72787e-013
-1.68574e-005
-2.69138e-013
2.69116e-013
0.00880476
7.8842e-008
-6.72763e-013
0.0176126
0.00880616
2.27613e-006
0.00880687
-0.00880749
0.00880776
-0.00880782
0.0088093
1.34553e-013
0.0264191
0.00878661
-6.72852e-013
-0.00880901
-0.00880586
-0.0176173
-2.23459e-005
-0.00882194
0.00880603
-5.0092e-005
1.62793e-005
0.0176376
0
0.00880745
0.00880623
-2.69101e-013
-1.34553e-013
8.07384e-013
-5.38269e-013
0.00880332
1.3854e-006
-0.0176129
-2.08051e-005
0.00882297
-2.05922e-009
0.00880721
4.03676e-013
0.00880769
-0.00878852
-3.27088e-008
-0.00880647
-1.6608e-005
-6.72776e-013
-3.81841e-007
-1.37914e-009
-1.7282e-005
-0.00878656
-2.35384e-009
-1.13022e-011
5.38213e-013
-1.75374e-005
-2.23684e-005
2.28464e-005
3.91534e-005
