1.35543e-005
1.35346e-005
1.34965e-005
1.35737e-005
1.36311e-005
1.36309e-005
1.35344e-005
1.35737e-005
1.34583e-005
1.35351e-005
1.35336e-005
1.35343e-005
1.35734e-005
1.35733e-005
1.35345e-005
1.36321e-005
1.3536e-005
1.35724e-005
1.36316e-005
1.34381e-005
1.36511e-005
1.344e-005
1.34595e-005
1.35535e-005
1.35547e-005
1.3631e-005
1.35354e-005
1.35365e-005
1.36524e-005
1.35344e-005
1.34389e-005
1.34594e-005
1.35355e-005
1.35356e-005
1.35355e-005
1.34765e-005
1.35344e-005
1.36318e-005
1.35352e-005
1.34571e-005
1.34591e-005
1.35343e-005
1.36514e-005
1.35361e-005
1.3557e-005
1.35353e-005
1.34594e-005
1.34391e-005
1.35353e-005
1.3537e-005
1.35336e-005
1.36517e-005
1.35358e-005
1.35344e-005
1.34571e-005
1.34388e-005
1.35355e-005
1.35724e-005
1.36316e-005
1.3573e-005
1.35357e-005
1.3536e-005
1.34592e-005
1.35347e-005
1.35543e-005
1.34591e-005
1.3573e-005
1.36139e-005
1.36524e-005
1.34382e-005
1.35923e-005
1.35351e-005
1.35736e-005
1.35168e-005
1.35361e-005
1.35952e-005
1.35368e-005
1.35352e-005
1.35352e-005
1.35352e-005
1.35334e-005
1.35345e-005
1.34756e-005
1.35352e-005
1.34016e-005
1.35374e-005
1.35333e-005
1.34966e-005
1.35351e-005
1.35913e-005
1.3439e-005
1.35341e-005
1.35759e-005
1.35344e-005
1.35342e-005
1.34964e-005
1.35352e-005
1.34964e-005
1.34982e-005
1.34982e-005
1.35351e-005
1.36511e-005
1.35344e-005
1.35364e-005
1.35369e-005
1.35351e-005
1.35369e-005
1.35344e-005
1.35369e-005
1.36318e-005
1.35352e-005
1.3515e-005
1.35353e-005
1.35345e-005
1.35737e-005
1.3554e-005
1.34014e-005
1.35535e-005
1.35375e-005
1.35345e-005
1.35375e-005
1.34964e-005
1.35368e-005
1.35375e-005
1.35354e-005
1.3495e-005
1.35336e-005
1.34201e-005
