-0.0938325
1.35346e-005
1.34965e-005
2.97715e-008
-0.132711
-1.42743e-005
2.98605e-008
1.35737e-005
1.34583e-005
1.35351e-005
-0.132638
0
-0.000129993
1.35733e-005
-0.0036792
-5.98e-005
1.98966e-008
-9.91151e-009
9.87466e-009
1.34381e-005
3.94849e-008
1.00158e-008
0
-4.96349e-009
-0.0937462
1.3631e-005
1.35354e-005
1.35365e-005
-0.0938186
-0.132711
-0.00109722
-3.16238e-005
-0.00580226
1.35356e-005
0
1.99855e-008
1.35344e-005
-0.0938347
-0.0938321
-0.0047652
1.34591e-005
-0.00355512
-0.0938376
-0.0938454
-0.00469
1.35353e-005
-0.00121254
1.34391e-005
1.35353e-005
1.3537e-005
-0.00441204
-0.0938197
4.97144e-009
-0.000962184
1.34571e-005
1.34388e-005
-0.00604188
-0.0938389
1.36316e-005
-0.00837582
1.35357e-005
-2.30722e-005
-0.162529
1.35347e-005
-0.0938268
1.00009e-008
1.3573e-005
-9.88014e-009
2.46621e-008
-0.00409237
-9.89678e-009
9.94511e-009
1.35736e-005
1.35168e-005
-2.4828e-008
1.35952e-005
1.35368e-005
1.35352e-005
1.35352e-005
-0.0938347
1.35334e-005
-0.0938364
1.34756e-005
4.97142e-009
1.34016e-005
1.35374e-005
-2.48363e-008
-0.0938428
-0.093826
-0.132716
-0.00471372
-0.0939117
1.35759e-005
-0.00706405
1.35342e-005
1.34964e-005
0
1.34964e-005
1.34982e-005
-9.96434e-009
-4.96963e-009
2.96042e-008
-1.98706e-008
1.35364e-005
1.35369e-005
-0.1327
-0.00454774
1.35344e-005
-3.38178e-005
1.36318e-005
1.49203e-008
1.3515e-005
-0.0937336
-0.000167827
-0.0938292
-0.00406175
-2.50775e-008
-0.000604528
-2.59898e-005
-0.00414365
-0.0937231
-3.68622e-005
-4.11219e-007
1.98933e-008
-0.00417425
-0.00471605
1.35336e-005
1.34201e-005
