0.0938596
1.35346e-005
1.34965e-005
2.71176e-005
0.132738
4.15361e-005
2.70389e-005
1.35737e-005
1.34583e-005
1.35351e-005
0.132665
2.70686e-005
0.00015714
1.35733e-005
0.00370627
8.70643e-005
2.70522e-005
2.71547e-005
2.72534e-005
1.34381e-005
2.72626e-005
2.687e-005
2.69189e-005
2.7112e-005
0.0937733
1.3631e-005
1.35354e-005
1.35365e-005
0.0938459
0.132738
0.0011241
5.85426e-005
0.00582933
1.35356e-005
2.70711e-005
2.69331e-005
1.35344e-005
0.093862
0.0938592
0.00479211
1.34591e-005
0.00358218
0.0938649
0.0938724
0.00471711
1.35353e-005
0.00123946
1.34391e-005
1.35353e-005
1.3537e-005
0.00443911
0.093847
2.70667e-005
0.000989253
1.34571e-005
1.34388e-005
0.00606895
0.093866
1.36316e-005
0.00840297
1.35357e-005
5.01441e-005
0.162556
1.35347e-005
0.0938539
2.69081e-005
1.3573e-005
2.72376e-005
2.72802e-005
0.00411924
2.71945e-005
2.70602e-005
1.35736e-005
1.35168e-005
2.7097e-005
1.35952e-005
1.35368e-005
1.35352e-005
1.35352e-005
0.0938618
1.35334e-005
0.0938635
1.34756e-005
2.70654e-005
1.34016e-005
1.35374e-005
2.70915e-005
0.0938698
0.0938531
0.132744
0.0047406
0.0939387
1.35759e-005
0.00709112
1.35342e-005
1.34964e-005
2.70705e-005
1.34964e-005
1.34982e-005
2.70064e-005
2.70751e-005
2.72726e-005
2.70887e-005
1.35364e-005
1.35369e-005
0.132727
0.00457482
1.35344e-005
6.08915e-005
1.36318e-005
2.70554e-005
1.3515e-005
0.0937606
0.000194896
0.0938564
0.00408886
2.68279e-005
0.000631635
5.30648e-005
0.00417071
0.0937502
6.38551e-005
2.74848e-005
2.7055e-005
0.00420132
0.00474304
1.35336e-005
1.34201e-005
